"V1","V2","V3","V4"
-0.096284918487072,0.216108128428459,0.971610248088837,0
0.990322053432465,-0.0772292017936707,0.115316808223724,0
0.0999576151371002,0.973310351371765,-0.206580519676208,0
0,0,0,1
