"V1","V2","V3","V4"
-0.0404602624475956,0.289889872074127,0.956204354763031,0
0.108847036957741,0.95257157087326,-0.284182786941528,0
-0.993234753608704,0.0925819277763367,-0.0700949281454086,0
0,0,0,1
