"V1","V2","V3","V4"
0.0671438574790955,0.213385477662086,0.974658012390137,0
0.994677186012268,-0.0908388420939445,-0.0486353561282158,0
0.0781587064266205,0.972735702991486,-0.218348950147629,0
0,0,0,1
