"V1","V2","V3","V4"
0.120884954929352,0.162226557731628,0.979320824146271,0
0.035835325717926,0.985199451446533,-0.16762375831604,0
-0.992019534111023,0.0553574860095978,0.113282382488251,0
0,0,0,1
