"V1","V2","V3","V4"
-0.999716460704803,0.00638487841933966,-0.0229455418884754,0
0.00618914794176817,0.999944269657135,0.00859168916940689,0
0.0229991301894188,0.0084473118185997,-0.99970018863678,0
0,0,0,1
