"V1","V2","V3","V4"
0.00473050912842155,-0.999983072280884,0.00348878907971084,0
-0.0604748800396919,0.00319638149812818,0.998165011405945,0
-0.998158872127533,-0.00493278540670872,-0.0604588463902473,0
0,0,0,1
