"V1","V2","V3","V4"
-0.988934457302094,-0.0344688519835472,0.144293740391731,0
0.144513830542564,-0.00397071521729231,0.98949521780014,0
-0.0335337780416012,0.999398112297058,0.00890786293894053,0
0,0,0,1
