"V1","V2","V3","V4"
-0.99968409538269,0.00689265970140696,0.0241778492927551,0
-0.00715324748307467,-0.999917268753052,-0.0107070179656148,0
0.0241019688546658,-0.0108765996992588,0.999650657176971,0
0,0,0,1
